3878
0 0 0 11
1 0 1 11
3 0 3 11
4 0 4 11
5 0 5 11
6 0 6 11
7 0 7 11
8 0 8 11
10 0 10 11
11 0 11 11
12 0 12 11
13 0 13 11
14 0 14 11
15 0 15 11
16 0 16 11
17 0 17 11
18 0 18 11
19 0 19 11
20 0 20 11
21 0 21 11
22 0 22 11
23 0 23 11
24 0 24 11
25 0 25 11
26 0 26 11
27 0 27 11
28 0 28 11
29 0 29 11
30 0 30 11
31 0 31 11
32 0 32 11
33 0 33 11
35 0 35 11
36 0 36 11
37 0 37 11
38 0 38 11
41 0 41 11
42 0 42 11
43 0 43 11
44 0 44 11
45 0 45 11
47 0 47 11
49 0 49 11
50 0 50 11
51 0 51 11
52 0 52 11
53 0 53 11
54 0 54 11
55 0 55 11
56 0 56 11
57 0 57 11
58 0 58 11
59 0 59 11
61 0 61 11
62 0 62 11
64 0 64 11
65 0 65 11
66 0 66 11
67 0 67 11
68 0 68 11
69 0 69 11
70 0 70 11
71 0 71 11
72 0 72 11
73 0 73 11
74 0 74 11
75 0 75 11
76 0 76 11
77 0 77 11
78 0 78 11
79 0 79 11
80 0 80 11
81 0 81 11
82 0 82 11
83 0 83 11
84 0 84 11
86 0 86 11
87 0 87 11
88 0 88 11
89 0 89 11
90 0 90 11
91 0 91 11
92 0 92 11
93 0 93 11
94 0 94 11
95 0 95 11
96 0 96 11
98 0 98 11
99 0 99 11
100 0 100 11
101 0 101 11
102 0 102 11
103 0 103 11
105 0 105 11
106 0 106 11
107 0 107 11
108 0 108 11
109 0 109 11
110 0 110 11
112 0 112 11
113 0 113 11
114 0 114 11
115 0 115 11
117 0 117 11
118 0 118 11
120 0 120 11
121 0 121 11
124 0 124 11
125 0 125 11
127 0 127 11
128 0 128 11
130 0 130 11
131 0 131 11
132 0 132 11
135 0 135 11
136 0 136 11
137 0 137 11
138 0 138 11
139 0 139 11
140 0 140 11
141 0 141 11
142 0 142 11
143 0 143 11
144 0 144 11
145 0 145 11
146 0 146 11
147 0 147 11
148 0 148 11
149 0 149 11
151 0 151 11
152 0 152 11
153 0 153 11
154 0 154 11
157 0 157 11
158 0 158 11
160 0 160 11
161 0 161 11
162 0 162 11
163 0 163 11
165 0 165 11
166 0 166 11
168 0 168 11
169 0 169 11
170 0 170 11
171 0 171 11
172 0 172 11
173 0 173 11
174 0 174 11
175 0 175 11
176 0 176 11
177 0 177 11
178 0 178 11
179 0 179 11
180 0 180 11
181 0 181 11
182 0 182 11
183 0 183 11
185 0 185 11
186 0 186 11
187 0 187 11
188 0 188 11
189 0 189 11
190 0 190 11
191 0 191 11
192 0 192 11
193 0 193 11
194 0 194 11
195 0 195 11
197 0 197 11
198 0 198 11
9 1 9 12
126 1 126 12
129 1 129 12
150 1 150 12
159 1 159 12
164 1 164 12
39 2 39 13
40 2 40 13
46 2 46 13
119 2 119 13
199 2 199 13
2 3 2 14
63 3 63 14
116 3 116 14
123 3 123 14
155 3 155 14
167 3 167 14
196 3 196 14
60 4 60 15
133 4 133 15
104 5 104 16
122 5 122 16
134 5 134 16
156 5 156 16
97 7 97 18
85 8 85 19
111 9 111 20
184 9 184 20
0 12 0 23
1 12 1 23
3 12 3 23
4 12 4 23
5 12 5 23
6 12 6 23
7 12 7 23
8 12 8 23
10 12 10 23
11 12 11 23
12 12 12 23
13 12 13 23
14 12 14 23
15 12 15 23
16 12 16 23
17 12 17 23
18 12 18 23
19 12 19 23
20 12 20 23
21 12 21 23
22 12 22 23
23 12 23 23
24 12 24 23
25 12 25 23
26 12 26 23
27 12 27 23
28 12 28 23
29 12 29 23
30 12 30 23
31 12 31 23
32 12 32 23
33 12 33 23
35 12 35 23
36 12 36 23
37 12 37 23
38 12 38 23
41 12 41 23
43 12 43 23
44 12 44 23
45 12 45 23
47 12 47 23
48 12 48 23
49 12 49 23
50 12 50 23
51 12 51 23
52 12 52 23
53 12 53 23
54 12 54 23
55 12 55 23
56 12 56 23
58 12 58 23
59 12 59 23
61 12 61 23
62 12 62 23
64 12 64 23
66 12 66 23
67 12 67 23
68 12 68 23
69 12 69 23
70 12 70 23
71 12 71 23
72 12 72 23
73 12 73 23
74 12 74 23
75 12 75 23
76 12 76 23
77 12 77 23
78 12 78 23
79 12 79 23
80 12 80 23
81 12 81 23
82 12 82 23
83 12 83 23
84 12 84 23
86 12 86 23
88 12 88 23
91 12 91 23
92 12 92 23
93 12 93 23
94 12 94 23
95 12 95 23
96 12 96 23
98 12 98 23
99 12 99 23
100 12 100 23
101 12 101 23
102 12 102 23
103 12 103 23
105 12 105 23
106 12 106 23
107 12 107 23
108 12 108 23
109 12 109 23
110 12 110 23
114 12 114 23
115 12 115 23
117 12 117 23
118 12 118 23
120 12 120 23
121 12 121 23
125 12 125 23
127 12 127 23
128 12 128 23
135 12 135 23
137 12 137 23
138 12 138 23
139 12 139 23
140 12 140 23
141 12 141 23
142 12 142 23
143 12 143 23
144 12 144 23
146 12 146 23
148 12 148 23
152 12 152 23
153 12 153 23
157 12 157 23
158 12 158 23
161 12 161 23
162 12 162 23
163 12 163 23
165 12 165 23
166 12 166 23
168 12 168 23
169 12 169 23
170 12 170 23
171 12 171 23
172 12 172 23
173 12 173 23
174 12 174 23
175 12 175 23
176 12 176 23
178 12 178 23
179 12 179 23
180 12 180 23
181 12 181 23
182 12 182 23
183 12 183 23
185 12 185 23
186 12 186 23
187 12 187 23
188 12 188 23
189 12 189 23
190 12 190 23
192 12 192 23
193 12 193 23
194 12 194 23
195 12 195 23
197 12 197 23
9 13 9 24
42 13 42 24
57 13 57 24
113 13 113 24
126 13 126 24
131 13 131 24
150 13 150 24
151 13 151 24
154 13 154 24
159 13 159 24
164 13 164 24
177 13 177 24
39 14 39 25
40 14 40 25
46 14 46 25
119 14 119 25
199 14 199 25
2 15 2 26
87 15 87 26
90 15 90 26
123 15 123 26
129 15 129 26
155 15 155 26
167 15 167 26
191 15 191 26
196 15 196 26
34 16 34 27
60 16 60 27
63 16 63 27
89 16 89 27
133 16 133 27
145 16 145 27
160 16 160 27
104 17 104 28
112 17 112 28
122 17 122 28
132 17 132 28
149 17 149 28
156 17 156 28
136 18 136 29
85 20 85 31
97 20 97 31
147 20 147 31
65 21 65 32
111 21 111 32
184 21 184 32
130 22 130 33
124 23 124 34
198 23 198 34
0 24 0 35
1 24 1 35
3 24 3 35
4 24 4 35
5 24 5 35
6 24 6 35
7 24 7 35
8 24 8 35
10 24 10 35
11 24 11 35
12 24 12 35
13 24 13 35
14 24 14 35
15 24 15 35
16 24 16 35
17 24 17 35
18 24 18 35
19 24 19 35
20 24 20 35
21 24 21 35
22 24 22 35
23 24 23 35
24 24 24 35
25 24 25 35
26 24 26 35
28 24 28 35
29 24 29 35
32 24 32 35
35 24 35 35
36 24 36 35
37 24 37 35
38 24 38 35
41 24 41 35
43 24 43 35
44 24 44 35
45 24 45 35
47 24 47 35
48 24 48 35
49 24 49 35
50 24 50 35
51 24 51 35
52 24 52 35
53 24 53 35
54 24 54 35
55 24 55 35
58 24 58 35
59 24 59 35
62 24 62 35
66 24 66 35
67 24 67 35
68 24 68 35
69 24 69 35
70 24 70 35
71 24 71 35
72 24 72 35
73 24 73 35
74 24 74 35
75 24 75 35
76 24 76 35
77 24 77 35
78 24 78 35
79 24 79 35
80 24 80 35
81 24 81 35
82 24 82 35
83 24 83 35
86 24 86 35
91 24 91 35
92 24 92 35
93 24 93 35
95 24 95 35
96 24 96 35
98 24 98 35
99 24 99 35
100 24 100 35
101 24 101 35
103 24 103 35
105 24 105 35
106 24 106 35
107 24 107 35
109 24 109 35
110 24 110 35
114 24 114 35
115 24 115 35
118 24 118 35
120 24 120 35
125 24 125 35
127 24 127 35
128 24 128 35
134 24 134 35
135 24 135 35
137 24 137 35
139 24 139 35
140 24 140 35
141 24 141 35
142 24 142 35
143 24 143 35
144 24 144 35
146 24 146 35
148 24 148 35
152 24 152 35
153 24 153 35
157 24 157 35
158 24 158 35
161 24 161 35
162 24 162 35
165 24 165 35
166 24 166 35
168 24 168 35
169 24 169 35
170 24 170 35
171 24 171 35
172 24 172 35
173 24 173 35
174 24 174 35
175 24 175 35
176 24 176 35
178 24 178 35
179 24 179 35
180 24 180 35
181 24 181 35
182 24 182 35
183 24 183 35
185 24 185 35
186 24 186 35
187 24 187 35
188 24 188 35
189 24 189 35
192 24 192 35
193 24 193 35
194 24 194 35
195 24 195 35
9 25 9 36
33 25 33 36
42 25 42 36
57 25 57 36
113 25 113 36
116 25 116 36
117 25 117 36
131 25 131 36
150 25 150 36
151 25 151 36
159 25 159 36
163 25 163 36
164 25 164 36
177 25 177 36
30 26 30 37
39 26 39 37
40 26 40 37
46 26 46 37
88 26 88 37
119 26 119 37
199 26 199 37
2 27 2 38
27 27 27 38
64 27 64 38
87 27 87 38
90 27 90 38
102 27 102 38
123 27 123 38
126 27 126 38
129 27 129 38
155 27 155 38
167 27 167 38
191 27 191 38
196 27 196 38
34 28 34 39
56 28 56 39
60 28 60 39
63 28 63 39
94 28 94 39
133 28 133 39
138 28 138 39
145 28 145 39
160 28 160 39
104 29 104 40
112 29 112 40
121 29 121 40
122 29 122 40
132 29 132 40
149 29 149 40
156 29 156 40
197 29 197 40
31 30 31 41
61 30 61 41
136 31 136 42
154 31 154 42
85 32 85 43
147 32 147 43
190 32 190 43
65 33 65 44
89 33 89 44
111 33 111 44
184 33 184 44
97 34 97 45
130 34 130 45
108 35 108 46
124 35 124 46
0 36 0 47
1 36 1 47
3 36 3 47
4 36 4 47
5 36 5 47
6 36 6 47
7 36 7 47
8 36 8 47
10 36 10 47
11 36 11 47
13 36 13 47
14 36 14 47
15 36 15 47
16 36 16 47
17 36 17 47
18 36 18 47
19 36 19 47
21 36 21 47
22 36 22 47
23 36 23 47
24 36 24 47
25 36 25 47
26 36 26 47
28 36 28 47
29 36 29 47
32 36 32 47
35 36 35 47
36 36 36 47
37 36 37 47
38 36 38 47
41 36 41 47
43 36 43 47
44 36 44 47
45 36 45 47
47 36 47 47
48 36 48 47
50 36 50 47
51 36 51 47
53 36 53 47
54 36 54 47
55 36 55 47
58 36 58 47
59 36 59 47
62 36 62 47
66 36 66 47
67 36 67 47
69 36 69 47
70 36 70 47
71 36 71 47
74 36 74 47
76 36 76 47
77 36 77 47
78 36 78 47
79 36 79 47
80 36 80 47
81 36 81 47
82 36 82 47
83 36 83 47
84 36 84 47
86 36 86 47
91 36 91 47
92 36 92 47
93 36 93 47
95 36 95 47
98 36 98 47
99 36 99 47
100 36 100 47
101 36 101 47
103 36 103 47
105 36 105 47
106 36 106 47
107 36 107 47
109 36 109 47
110 36 110 47
114 36 114 47
115 36 115 47
120 36 120 47
125 36 125 47
128 36 128 47
134 36 134 47
137 36 137 47
139 36 139 47
140 36 140 47
141 36 141 47
142 36 142 47
143 36 143 47
144 36 144 47
146 36 146 47
148 36 148 47
153 36 153 47
157 36 157 47
158 36 158 47
161 36 161 47
162 36 162 47
165 36 165 47
168 36 168 47
169 36 169 47
171 36 171 47
172 36 172 47
173 36 173 47
174 36 174 47
175 36 175 47
176 36 176 47
178 36 178 47
179 36 179 47
180 36 180 47
181 36 181 47
182 36 182 47
183 36 183 47
185 36 185 47
187 36 187 47
188 36 188 47
189 36 189 47
193 36 193 47
195 36 195 47
9 37 9 48
33 37 33 48
49 37 49 48
57 37 57 48
68 37 68 48
75 37 75 48
96 37 96 48
116 37 116 48
117 37 117 48
127 37 127 48
131 37 131 48
135 37 135 48
150 37 150 48
151 37 151 48
159 37 159 48
163 37 163 48
164 37 164 48
177 37 177 48
192 37 192 48
20 38 20 49
30 38 30 49
39 38 39 49
40 38 40 49
46 38 46 49
73 38 73 49
88 38 88 49
119 38 119 49
152 38 152 49
170 38 170 49
199 38 199 49
2 39 2 50
27 39 27 50
64 39 64 50
72 39 72 50
87 39 87 50
90 39 90 50
102 39 102 50
123 39 123 50
126 39 126 50
129 39 129 50
155 39 155 50
167 39 167 50
191 39 191 50
196 39 196 50
198 39 198 50
12 40 12 51
34 40 34 51
42 40 42 51
52 40 52 51
56 40 56 51
60 40 60 51
63 40 63 51
94 40 94 51
118 40 118 51
133 40 133 51
138 40 138 51
145 40 145 51
166 40 166 51
194 40 194 51
104 41 104 52
112 41 112 52
121 41 121 52
122 41 122 52
132 41 132 52
149 41 149 52
156 41 156 52
186 41 186 52
197 41 197 52
61 42 61 53
113 44 113 55
136 44 136 55
147 44 147 55
160 44 160 55
190 44 190 55
65 45 65 56
85 45 85 56
111 45 111 56
154 45 154 56
184 45 184 56
89 46 89 57
97 46 97 57
130 46 130 57
108 47 108 58
124 47 124 58
0 48 0 59
1 48 1 59
3 48 3 59
4 48 4 59
5 48 5 59
6 48 6 59
7 48 7 59
8 48 8 59
10 48 10 59
11 48 11 59
13 48 13 59
14 48 14 59
15 48 15 59
16 48 16 59
17 48 17 59
18 48 18 59
19 48 19 59
21 48 21 59
22 48 22 59
23 48 23 59
24 48 24 59
25 48 25 59
26 48 26 59
28 48 28 59
32 48 32 59
35 48 35 59
36 48 36 59
38 48 38 59
41 48 41 59
43 48 43 59
44 48 44 59
45 48 45 59
47 48 47 59
48 48 48 59
50 48 50 59
51 48 51 59
54 48 54 59
55 48 55 59
58 48 58 59
59 48 59 59
62 48 62 59
67 48 67 59
69 48 69 59
70 48 70 59
71 48 71 59
74 48 74 59
77 48 77 59
78 48 78 59
79 48 79 59
80 48 80 59
81 48 81 59
82 48 82 59
83 48 83 59
84 48 84 59
86 48 86 59
91 48 91 59
92 48 92 59
93 48 93 59
95 48 95 59
98 48 98 59
99 48 99 59
100 48 100 59
101 48 101 59
103 48 103 59
105 48 105 59
106 48 106 59
107 48 107 59
109 48 109 59
110 48 110 59
114 48 114 59
115 48 115 59
120 48 120 59
128 48 128 59
137 48 137 59
139 48 139 59
141 48 141 59
143 48 143 59
146 48 146 59
148 48 148 59
153 48 153 59
157 48 157 59
158 48 158 59
161 48 161 59
162 48 162 59
165 48 165 59
171 48 171 59
172 48 172 59
173 48 173 59
174 48 174 59
175 48 175 59
176 48 176 59
178 48 178 59
179 48 179 59
180 48 180 59
181 48 181 59
183 48 183 59
185 48 185 59
187 48 187 59
188 48 188 59
189 48 189 59
193 48 193 59
195 48 195 59
9 49 9 60
31 49 31 60
33 49 33 60
53 49 53 60
57 49 57 60
68 49 68 60
75 49 75 60
96 49 96 60
116 49 116 60
117 49 117 60
127 49 127 60
131 49 131 60
134 49 134 60
135 49 135 60
150 49 150 60
151 49 151 60
164 49 164 60
169 49 169 60
177 49 177 60
192 49 192 60
20 50 20 61
30 50 30 61
39 50 39 61
40 50 40 61
49 50 49 61
73 50 73 61
76 50 76 61
152 50 152 61
168 50 168 61
170 50 170 61
199 50 199 61
2 51 2 62
37 51 37 62
64 51 64 62
66 51 66 62
72 51 72 62
87 51 87 62
88 51 88 62
90 51 90 62
102 51 102 62
123 51 123 62
126 51 126 62
129 51 129 62
144 51 144 62
155 51 155 62
159 51 159 62
167 51 167 62
191 51 191 62
196 51 196 62
198 51 198 62
34 52 34 63
42 52 42 63
46 52 46 63
52 52 52 63
56 52 56 63
60 52 60 63
63 52 63 63
94 52 94 63
118 52 118 63
119 52 119 63
133 52 133 63
138 52 138 63
142 52 142 63
145 52 145 63
166 52 166 63
194 52 194 63
12 53 12 64
29 53 29 64
104 53 104 64
112 53 112 64
121 53 121 64
122 53 122 64
132 53 132 64
156 53 156 64
163 53 163 64
186 53 186 64
197 53 197 64
27 54 27 65
61 54 61 65
149 55 149 66
182 55 182 66
113 56 113 67
136 56 136 67
140 56 140 67
147 56 147 67
160 56 160 67
65 57 65 68
85 57 85 68
111 57 111 68
154 57 154 68
184 57 184 68
190 57 190 68
89 58 89 69
97 58 97 69
130 58 130 69
108 59 108 70
124 59 124 70
0 60 0 71
1 60 1 71
3 60 3 71
4 60 4 71
5 60 5 71
7 60 7 71
8 60 8 71
10 60 10 71
11 60 11 71
13 60 13 71
14 60 14 71
15 60 15 71
16 60 16 71
17 60 17 71
18 60 18 71
19 60 19 71
21 60 21 71
22 60 22 71
23 60 23 71
24 60 24 71
25 60 25 71
26 60 26 71
28 60 28 71
32 60 32 71
35 60 35 71
36 60 36 71
38 60 38 71
41 60 41 71
44 60 44 71
45 60 45 71
47 60 47 71
50 60 50 71
58 60 58 71
59 60 59 71
62 60 62 71
67 60 67 71
69 60 69 71
70 60 70 71
71 60 71 71
74 60 74 71
77 60 77 71
78 60 78 71
79 60 79 71
81 60 81 71
82 60 82 71
83 60 83 71
91 60 91 71
92 60 92 71
93 60 93 71
95 60 95 71
98 60 98 71
99 60 99 71
100 60 100 71
101 60 101 71
103 60 103 71
105 60 105 71
107 60 107 71
109 60 109 71
114 60 114 71
115 60 115 71
120 60 120 71
128 60 128 71
137 60 137 71
141 60 141 71
146 60 146 71
148 60 148 71
153 60 153 71
157 60 157 71
161 60 161 71
162 60 162 71
165 60 165 71
171 60 171 71
172 60 172 71
173 60 173 71
174 60 174 71
175 60 175 71
176 60 176 71
178 60 178 71
179 60 179 71
180 60 180 71
181 60 181 71
183 60 183 71
185 60 185 71
187 60 187 71
188 60 188 71
189 60 189 71
193 60 193 71
195 60 195 71
6 61 6 72
31 61 31 72
33 61 33 72
51 61 51 72
53 61 53 72
55 61 55 72
57 61 57 72
68 61 68 72
106 61 106 72
116 61 116 72
117 61 117 72
127 61 127 72
131 61 131 72
134 61 134 72
135 61 135 72
139 61 139 72
151 61 151 72
169 61 169 72
177 61 177 72
192 61 192 72
9 62 9 73
20 62 20 73
30 62 30 73
39 62 39 73
40 62 40 73
48 62 48 73
54 62 54 73
76 62 76 73
152 62 152 73
168 62 168 73
170 62 170 73
199 62 199 73
2 63 2 74
66 63 66 74
72 63 72 74
75 63 75 74
87 63 87 74
88 63 88 74
90 63 90 74
110 63 110 74
123 63 123 74
126 63 126 74
129 63 129 74
144 63 144 74
150 63 150 74
155 63 155 74
159 63 159 74
167 63 167 74
191 63 191 74
196 63 196 74
198 63 198 74
46 64 46 75
56 64 56 75
60 64 60 75
80 64 80 75
84 64 84 75
94 64 94 75
118 64 118 75
119 64 119 75
133 64 133 75
138 64 138 75
145 64 145 75
164 64 164 75
166 64 166 75
194 64 194 75
12 65 12 76
49 65 49 76
112 65 112 76
121 65 121 76
122 65 122 76
132 65 132 76
156 65 156 76
163 65 163 76
186 65 186 76
29 66 29 77
34 66 34 77
37 66 37 77
61 66 61 77
63 66 63 77
64 66 64 77
73 66 73 77
197 66 197 77
42 67 42 78
96 67 96 78
102 67 102 78
149 67 149 78
182 67 182 78
104 68 104 79
113 68 113 79
136 68 136 79
140 68 140 79
147 68 147 79
158 68 158 79
160 68 160 79
43 69 43 80
65 69 65 80
85 69 85 80
111 69 111 80
154 69 154 80
190 69 190 80
52 70 52 81
89 70 89 81
97 70 97 81
130 70 130 81
142 70 142 81
86 71 86 82
108 71 108 82
124 71 124 82
143 71 143 82
0 72 0 83
1 72 1 83
3 72 3 83
4 72 4 83
5 72 5 83
7 72 7 83
8 72 8 83
10 72 10 83
11 72 11 83
13 72 13 83
14 72 14 83
15 72 15 83
16 72 16 83
17 72 17 83
18 72 18 83
19 72 19 83
21 72 21 83
22 72 22 83
23 72 23 83
24 72 24 83
25 72 25 83
26 72 26 83
28 72 28 83
35 72 35 83
36 72 36 83
38 72 38 83
41 72 41 83
44 72 44 83
45 72 45 83
47 72 47 83
50 72 50 83
58 72 58 83
59 72 59 83
67 72 67 83
69 72 69 83
70 72 70 83
71 72 71 83
74 72 74 83
77 72 77 83
78 72 78 83
82 72 82 83
83 72 83 83
91 72 91 83
92 72 92 83
95 72 95 83
98 72 98 83
100 72 100 83
101 72 101 83
103 72 103 83
107 72 107 83
109 72 109 83
114 72 114 83
120 72 120 83
125 72 125 83
128 72 128 83
137 72 137 83
141 72 141 83
146 72 146 83
162 72 162 83
165 72 165 83
171 72 171 83
172 72 172 83
173 72 173 83
174 72 174 83
175 72 175 83
176 72 176 83
178 72 178 83
179 72 179 83
180 72 180 83
181 72 181 83
183 72 183 83
185 72 185 83
187 72 187 83
188 72 188 83
189 72 189 83
193 72 193 83
195 72 195 83
6 73 6 84
31 73 31 84
32 73 32 84
33 73 33 84
51 73 51 84
53 73 53 84
57 73 57 84
68 73 68 84
81 73 81 84
99 73 99 84
105 73 105 84
106 73 106 84
116 73 116 84
117 73 117 84
127 73 127 84
131 73 131 84
134 73 134 84
135 73 135 84
139 73 139 84
148 73 148 84
151 73 151 84
169 73 169 84
177 73 177 84
192 73 192 84
9 74 9 85
20 74 20 85
27 74 27 85
30 74 30 85
48 74 48 85
54 74 54 85
76 74 76 85
79 74 79 85
152 74 152 85
157 74 157 85
168 74 168 85
170 74 170 85
2 75 2 86
39 75 39 86
40 75 40 86
66 75 66 86
72 75 72 86
75 75 75 86
87 75 87 86
88 75 88 86
90 75 90 86
126 75 126 86
144 75 144 86
155 75 155 86
159 75 159 86
167 75 167 86
191 75 191 86
196 75 196 86
46 76 46 87
56 76 56 87
60 76 60 87
80 76 80 87
94 76 94 87
115 76 115 87
118 76 118 87
119 76 119 87
138 76 138 87
145 76 145 87
150 76 150 87
164 76 164 87
194 76 194 87
49 77 49 88
62 77 62 88
93 77 93 88
112 77 112 88
121 77 121 88
122 77 122 88
132 77 132 88
156 77 156 88
163 77 163 88
186 77 186 88
12 78 12 89
29 78 29 89
34 78 34 89
37 78 37 89
110 78 110 89
153 78 153 89
161 78 161 89
198 78 198 89
42 79 42 90
96 79 96 90
102 79 102 90
149 79 149 90
182 79 182 90
197 79 197 90
73 80 73 91
104 80 104 91
113 80 113 91
136 80 136 91
140 80 140 91
147 80 147 91
158 80 158 91
160 80 160 91
43 81 43 92
65 81 65 92
85 81 85 92
111 81 111 92
129 81 129 92
52 82 52 93
89 82 89 93
97 82 97 93
130 82 130 93
142 82 142 93
166 82 166 93
184 82 184 93
190 82 190 93
199 82 199 93
84 83 84 94
86 83 86 94
108 83 108 94
123 83 123 94
124 83 124 94
143 83 143 94
0 84 0 95
1 84 1 95
3 84 3 95
4 84 4 95
5 84 5 95
7 84 7 95
8 84 8 95
10 84 10 95
11 84 11 95
13 84 13 95
14 84 14 95
15 84 15 95
16 84 16 95
18 84 18 95
19 84 19 95
21 84 21 95
22 84 22 95
23 84 23 95
24 84 24 95
25 84 25 95
26 84 26 95
35 84 35 95
36 84 36 95
38 84 38 95
41 84 41 95
44 84 44 95
45 84 45 95
47 84 47 95
50 84 50 95
55 84 55 95
58 84 58 95
59 84 59 95
61 84 61 95
63 84 63 95
67 84 67 95
69 84 69 95
70 84 70 95
71 84 71 95
74 84 74 95
77 84 77 95
78 84 78 95
82 84 82 95
83 84 83 95
92 84 92 95
95 84 95 95
98 84 98 95
100 84 100 95
103 84 103 95
107 84 107 95
109 84 109 95
114 84 114 95
120 84 120 95
128 84 128 95
133 84 133 95
141 84 141 95
146 84 146 95
162 84 162 95
171 84 171 95
173 84 173 95
174 84 174 95
176 84 176 95
178 84 178 95
179 84 179 95
180 84 180 95
181 84 181 95
183 84 183 95
185 84 185 95
187 84 187 95
188 84 188 95
189 84 189 95
195 84 195 95
6 85 6 96
17 85 17 96
31 85 31 96
32 85 32 96
33 85 33 96
51 85 51 96
53 85 53 96
57 85 57 96
64 85 64 96
81 85 81 96
91 85 91 96
99 85 99 96
101 85 101 96
105 85 105 96
106 85 106 96
116 85 116 96
131 85 131 96
134 85 134 96
172 85 172 96
177 85 177 96
9 86 9 97
27 86 27 97
30 86 30 97
48 86 48 97
54 86 54 97
68 86 68 97
76 86 76 97
79 86 79 97
152 86 152 97
157 86 157 97
168 86 168 97
170 86 170 97
2 87 2 98
28 87 28 98
39 87 39 98
40 87 40 98
72 87 72 98
87 87 87 98
88 87 88 98
90 87 90 98
125 87 125 98
126 87 126 98
135 87 135 98
144 87 144 98
151 87 151 98
154 87 154 98
155 87 155 98
159 87 159 98
167 87 167 98
191 87 191 98
193 87 193 98
196 87 196 98
46 88 46 99
56 88 56 99
80 88 80 99
94 88 94 99
115 88 115 99
119 88 119 99
138 88 138 99
145 88 145 99
150 88 150 99
164 88 164 99
194 88 194 99
49 89 49 100
62 89 62 100
66 89 66 100
93 89 93 100
112 89 112 100
117 89 117 100
121 89 121 100
122 89 122 100
132 89 132 100
156 89 156 100
163 89 163 100
169 89 169 100
175 89 175 100
12 90 12 101
29 90 29 101
37 90 37 101
110 90 110 101
127 90 127 101
153 90 153 101
161 90 161 101
198 90 198 101
20 91 20 102
42 91 42 102
96 91 96 102
102 91 102 102
137 91 137 102
149 91 149 102
182 91 182 102
197 91 197 102
104 92 104 103
113 92 113 103
136 92 136 103
140 92 140 103
147 92 147 103
158 92 158 103
160 92 160 103
186 92 186 103
43 93 43 104
65 93 65 104
73 93 73 104
75 93 75 104
111 93 111 104
129 93 129 104
52 94 52 105
85 94 85 105
89 94 89 105
97 94 97 105
118 94 118 105
130 94 130 105
142 94 142 105
165 94 165 105
166 94 166 105
184 94 184 105
190 94 190 105
192 94 192 105
84 95 84 106
86 95 86 106
108 95 108 106
123 95 123 106
124 95 124 106
143 95 143 106
0 96 0 107
1 96 1 107
3 96 3 107
5 96 5 107
7 96 7 107
8 96 8 107
10 96 10 107
11 96 11 107
13 96 13 107
15 96 15 107
16 96 16 107
18 96 18 107
19 96 19 107
21 96 21 107
22 96 22 107
23 96 23 107
24 96 24 107
25 96 25 107
26 96 26 107
35 96 35 107
38 96 38 107
41 96 41 107
44 96 44 107
45 96 45 107
47 96 47 107
50 96 50 107
55 96 55 107
58 96 58 107
59 96 59 107
61 96 61 107
63 96 63 107
67 96 67 107
70 96 70 107
71 96 71 107
74 96 74 107
78 96 78 107
82 96 82 107
83 96 83 107
92 96 92 107
98 96 98 107
100 96 100 107
103 96 103 107
107 96 107 107
109 96 109 107
114 96 114 107
120 96 120 107
128 96 128 107
139 96 139 107
141 96 141 107
162 96 162 107
171 96 171 107
176 96 176 107
178 96 178 107
179 96 179 107
180 96 180 107
181 96 181 107
183 96 183 107
185 96 185 107
187 96 187 107
188 96 188 107
195 96 195 107
17 97 17 108
31 97 31 108
32 97 32 108
33 97 33 108
51 97 51 108
53 97 53 108
64 97 64 108
81 97 81 108
91 97 91 108
99 97 99 108
101 97 101 108
105 97 105 108
106 97 106 108
116 97 116 108
131 97 131 108
134 97 134 108
148 97 148 108
172 97 172 108
174 97 174 108
177 97 177 108
199 97 199 108
4 98 4 109
6 98 6 109
30 98 30 109
36 98 36 109
48 98 48 109
54 98 54 109
68 98 68 109
69 98 69 109
76 98 76 109
79 98 79 109
95 98 95 109
133 98 133 109
157 98 157 109
168 98 168 109
170 98 170 109
173 98 173 109
2 99 2 110
28 99 28 110
39 99 39 110
60 99 60 110
72 99 72 110
77 99 77 110
87 99 87 110
88 99 88 110
90 99 90 110
125 99 125 110
126 99 126 110
135 99 135 110
151 99 151 110
154 99 154 110
155 99 155 110
159 99 159 110
167 99 167 110
189 99 189 110
191 99 191 110
193 99 193 110
196 99 196 110
9 100 9 111
14 100 14 111
27 100 27 111
56 100 56 111
80 100 80 111
94 100 94 111
115 100 115 111
119 100 119 111
138 100 138 111
145 100 145 111
150 100 150 111
152 100 152 111
164 100 164 111
194 100 194 111
49 101 49 112
57 101 57 112
62 101 62 112
66 101 66 112
93 101 93 112
112 101 112 112
117 101 117 112
121 101 121 112
122 101 122 112
132 101 132 112
156 101 156 112
163 101 163 112
169 101 169 112
175 101 175 112
12 102 12 113
29 102 29 113
37 102 37 113
127 102 127 113
153 102 153 113
161 102 161 113
198 102 198 113
20 103 20 114
34 103 34 114
42 103 42 114
96 103 96 114
149 103 149 114
182 103 182 114
197 103 197 114
104 104 104 115
110 104 110 115
140 104 140 115
147 104 147 115
158 104 158 115
160 104 160 115
186 104 186 115
43 105 43 116
65 105 65 116
73 105 73 116
102 105 102 116
111 105 111 116
129 105 129 116
136 105 136 116
144 105 144 116
89 106 89 117
113 106 113 117
118 106 118 117
130 106 130 117
142 106 142 117
165 106 165 117
166 106 166 117
184 106 184 117
46 107 46 118
84 107 84 118
86 107 86 118
108 107 108 118
123 107 123 118
124 107 124 118
143 107 143 118
146 107 146 118
0 108 0 119
1 108 1 119
3 108 3 119
5 108 5 119
7 108 7 119
8 108 8 119
11 108 11 119
13 108 13 119
15 108 15 119
16 108 16 119
18 108 18 119
21 108 21 119
22 108 22 119
25 108 25 119
35 108 35 119
41 108 41 119
44 108 44 119
45 108 45 119
47 108 47 119
58 108 58 119
59 108 59 119
61 108 61 119
63 108 63 119
67 108 67 119
70 108 70 119
71 108 71 119
74 108 74 119
75 108 75 119
82 108 82 119
83 108 83 119
100 108 100 119
107 108 107 119
109 108 109 119
114 108 114 119
128 108 128 119
139 108 139 119
141 108 141 119
162 108 162 119
171 108 171 119
176 108 176 119
178 108 178 119
179 108 179 119
180 108 180 119
181 108 181 119
183 108 183 119
185 108 185 119
187 108 187 119
188 108 188 119
192 108 192 119
195 108 195 119
31 109 31 120
32 109 32 120
50 109 50 120
51 109 51 120
53 109 53 120
64 109 64 120
78 109 78 120
81 109 81 120
91 109 91 120
101 109 101 120
105 109 105 120
106 109 106 120
116 109 116 120
131 109 131 120
134 109 134 120
148 109 148 120
172 109 172 120
174 109 174 120
190 109 190 120
4 110 4 121
6 110 6 121
10 110 10 121
24 110 24 121
30 110 30 121
36 110 36 121
52 110 52 121
54 110 54 121
55 110 55 121
68 110 68 121
76 110 76 121
79 110 79 121
92 110 92 121
95 110 95 121
99 110 99 121
133 110 133 121
157 110 157 121
168 110 168 121
170 110 170 121
2 111 2 122
33 111 33 122
38 111 38 122
39 111 39 122
72 111 72 122
87 111 87 122
88 111 88 122
90 111 90 122
126 111 126 122
135 111 135 122
151 111 151 122
154 111 154 122
155 111 155 122
159 111 159 122
167 111 167 122
177 111 177 122
189 111 189 122
191 111 191 122
193 111 193 122
196 111 196 122
9 112 9 123
14 112 14 123
26 112 26 123
27 112 27 123
40 112 40 123
56 112 56 123
94 112 94 123
115 112 115 123
120 112 120 123
138 112 138 123
152 112 152 123
164 112 164 123
194 112 194 123
19 113 19 124
49 113 49 124
57 113 57 124
62 113 62 124
66 113 66 124
93 113 93 124
97 113 97 124
98 113 98 124
112 113 112 124
117 113 117 124
121 113 121 124
122 113 122 124
132 113 132 124
156 113 156 124
163 113 163 124
169 113 169 124
175 113 175 124
12 114 12 125
29 114 29 125
37 114 37 125
69 114 69 125
80 114 80 125
127 114 127 125
150 114 150 125
153 114 153 125
161 114 161 125
173 114 173 125
17 115 17 126
34 115 34 126
42 115 42 126
48 115 48 126
96 115 96 126
149 115 149 126
182 115 182 126
199 115 199 126
104 116 104 127
119 116 119 127
125 116 125 127
140 116 140 127
147 116 147 127
158 116 158 127
160 116 160 127
186 116 186 127
65 117 65 128
73 117 73 128
77 117 77 128
102 117 102 128
103 117 103 128
111 117 111 128
129 117 129 128
144 117 144 128
197 117 197 128
43 118 43 129
60 118 60 129
89 118 89 129
113 118 113 129
118 118 118 129
130 118 130 129
142 118 142 129
165 118 165 129
184 118 184 129
198 118 198 129
46 119 46 130
84 119 84 130
86 119 86 130
108 119 108 130
123 119 123 130
124 119 124 130
136 119 136 130
143 119 143 130
146 119 146 130
0 120 0 131
1 120 1 131
3 120 3 131
5 120 5 131
7 120 7 131
8 120 8 131
11 120 11 131
13 120 13 131
15 120 15 131
16 120 16 131
21 120 21 131
22 120 22 131
23 120 23 131
25 120 25 131
35 120 35 131
41 120 41 131
44 120 44 131
45 120 45 131
47 120 47 131
58 120 58 131
61 120 61 131
63 120 63 131
67 120 67 131
70 120 70 131
71 120 71 131
74 120 74 131
75 120 75 131
82 120 82 131
83 120 83 131
100 120 100 131
107 120 107 131
109 120 109 131
110 120 110 131
114 120 114 131
139 120 139 131
141 120 141 131
171 120 171 131
176 120 176 131
178 120 178 131
180 120 180 131
181 120 181 131
183 120 183 131
185 120 185 131
187 120 187 131
188 120 188 131
192 120 192 131
18 121 18 132
31 121 31 132
32 121 32 132
50 121 50 132
51 121 51 132
53 121 53 132
59 121 59 132
78 121 78 132
81 121 81 132
85 121 85 132
91 121 91 132
101 121 101 132
105 121 105 132
106 121 106 132
116 121 116 132
134 121 134 132
137 121 137 132
145 121 145 132
148 121 148 132
162 121 162 132
172 121 172 132
174 121 174 132
4 122 4 133
6 122 6 133
10 122 10 133
24 122 24 133
30 122 30 133
36 122 36 133
52 122 52 133
54 122 54 133
55 122 55 133
68 122 68 133
76 122 76 133
79 122 79 133
92 122 92 133
95 122 95 133
133 122 133 133
166 122 166 133
168 122 168 133
170 122 170 133
195 122 195 133
2 123 2 134
20 123 20 134
33 123 33 134
38 123 38 134
39 123 39 134
64 123 64 134
72 123 72 134
87 123 87 134
88 123 88 134
90 123 90 134
99 123 99 134
128 123 128 134
151 123 151 134
154 123 154 134
155 123 155 134
157 123 157 134
159 123 159 134
167 123 167 134
189 123 189 134
191 123 191 134
193 123 193 134
196 123 196 134
9 124 9 135
14 124 14 135
26 124 26 135
27 124 27 135
40 124 40 135
56 124 56 135
94 124 94 135
115 124 115 135
120 124 120 135
138 124 138 135
152 124 152 135
164 124 164 135
194 124 194 135
19 125 19 136
49 125 49 136
57 125 57 136
66 125 66 136
93 125 93 136
97 125 97 136
98 125 98 136
112 125 112 136
122 125 122 136
132 125 132 136
156 125 156 136
163 125 163 136
169 125 169 136
175 125 175 136
177 125 177 136
190 125 190 136
12 126 12 137
29 126 29 137
37 126 37 137
69 126 69 137
80 126 80 137
117 126 117 137
121 126 121 137
126 126 126 137
127 126 127 137
150 126 150 137
153 126 153 137
161 126 161 137
173 126 173 137
17 127 17 138
34 127 34 138
42 127 42 138
48 127 48 138
96 127 96 138
131 127 131 138
179 127 179 138
199 127 199 138
104 128 104 139
125 128 125 139
140 128 140 139
147 128 147 139
158 128 158 139
160 128 160 139
182 128 182 139
186 128 186 139
65 129 65 140
73 129 73 140
77 129 77 140
102 129 102 140
103 129 103 140
111 129 111 140
144 129 144 140
197 129 197 140
43 130 43 141
60 130 60 141
113 130 113 141
118 130 118 141
142 130 142 141
165 130 165 141
184 130 184 141
198 130 198 141
46 131 46 142
62 131 62 142
84 131 84 142
86 131 86 142
119 131 119 142
123 131 123 142
124 131 124 142
136 131 136 142
143 131 143 142
146 131 146 142
0 132 0 143
1 132 1 143
3 132 3 143
5 132 5 143
7 132 7 143
8 132 8 143
11 132 11 143
13 132 13 143
15 132 15 143
16 132 16 143
21 132 21 143
22 132 22 143
23 132 23 143
25 132 25 143
35 132 35 143
41 132 41 143
44 132 44 143
45 132 45 143
61 132 61 143
63 132 63 143
67 132 67 143
70 132 70 143
71 132 71 143
74 132 74 143
75 132 75 143
82 132 82 143
83 132 83 143
100 132 100 143
107 132 107 143
110 132 110 143
114 132 114 143
135 132 135 143
139 132 139 143
141 132 141 143
171 132 171 143
176 132 176 143
178 132 178 143
181 132 181 143
187 132 187 143
192 132 192 143
18 133 18 144
31 133 31 144
32 133 32 144
47 133 47 144
50 133 50 144
51 133 51 144
53 133 53 144
59 133 59 144
78 133 78 144
81 133 81 144
85 133 85 144
89 133 89 144
91 133 91 144
101 133 101 144
105 133 105 144
106 133 106 144
108 133 108 144
109 133 109 144
116 133 116 144
137 133 137 144
145 133 145 144
148 133 148 144
162 133 162 144
172 133 172 144
174 133 174 144
180 133 180 144
183 133 183 144
185 133 185 144
188 133 188 144
4 134 4 145
10 134 10 145
24 134 24 145
28 134 28 145
30 134 30 145
36 134 36 145
54 134 54 145
68 134 68 145
76 134 76 145
79 134 79 145
92 134 92 145
95 134 95 145
133 134 133 145
166 134 166 145
168 134 168 145
170 134 170 145
195 134 195 145
2 135 2 146
20 135 20 146
33 135 33 146
38 135 38 146
39 135 39 146
52 135 52 146
55 135 55 146
64 135 64 146
72 135 72 146
87 135 87 146
88 135 88 146
90 135 90 146
99 135 99 146
128 135 128 146
129 135 129 146
149 135 149 146
151 135 151 146
154 135 154 146
155 135 155 146
157 135 157 146
159 135 159 146
167 135 167 146
191 135 191 146
193 135 193 146
9 136 9 147
14 136 14 147
26 136 26 147
27 136 27 147
40 136 40 147
56 136 56 147
58 136 58 147
94 136 94 147
115 136 115 147
120 136 120 147
138 136 138 147
152 136 152 147
164 136 164 147
189 136 189 147
194 136 194 147
19 137 19 148
49 137 49 148
66 137 66 148
93 137 93 148
97 137 97 148
98 137 98 148
112 137 112 148
122 137 122 148
132 137 132 148
156 137 156 148
163 137 163 148
169 137 169 148
175 137 175 148
177 137 177 148
190 137 190 148
12 138 12 149
29 138 29 149
37 138 37 149
69 138 69 149
80 138 80 149
117 138 117 149
121 138 121 149
126 138 126 149
127 138 127 149
150 138 150 149
153 138 153 149
161 138 161 149
173 138 173 149
17 139 17 150
34 139 34 150
42 139 42 150
131 139 131 150
179 139 179 150
199 139 199 150
48 140 48 151
104 140 104 151
130 140 130 151
158 140 158 151
160 140 160 151
182 140 182 151
186 140 186 151
6 141 6 152
65 141 65 152
73 141 73 152
96 141 96 152
102 141 102 152
103 141 103 152
111 141 111 152
144 141 144 152
147 141 147 152
197 141 197 152
43 142 43 153
60 142 60 153
113 142 113 153
118 142 118 153
134 142 134 153
142 142 142 153
165 142 165 153
184 142 184 153
46 143 46 154
57 143 57 154
62 143 62 154
84 143 84 154
86 143 86 154
119 143 119 154
124 143 124 154
136 143 136 154
143 143 143 154
146 143 146 154
0 144 0 155
1 144 1 155
3 144 3 155
5 144 5 155
7 144 7 155
8 144 8 155
11 144 11 155
15 144 15 155
16 144 16 155
21 144 21 155
22 144 22 155
23 144 23 155
25 144 25 155
35 144 35 155
41 144 41 155
44 144 44 155
61 144 61 155
63 144 63 155
67 144 67 155
70 144 70 155
71 144 71 155
74 144 74 155
82 144 82 155
83 144 83 155
100 144 100 155
107 144 107 155
114 144 114 155
135 144 135 155
139 144 139 155
140 144 140 155
141 144 141 155
171 144 171 155
176 144 176 155
181 144 181 155
187 144 187 155
192 144 192 155
18 145 18 156
31 145 31 156
32 145 32 156
45 145 45 156
47 145 47 156
50 145 50 156
51 145 51 156
53 145 53 156
59 145 59 156
85 145 85 156
89 145 89 156
105 145 105 156
106 145 106 156
108 145 108 156
109 145 109 156
116 145 116 156
125 145 125 156
137 145 137 156
145 145 145 156
148 145 148 156
162 145 162 156
172 145 172 156
174 145 174 156
178 145 178 156
180 145 180 156
183 145 183 156
185 145 185 156
188 145 188 156
4 146 4 157
10 146 10 157
13 146 13 157
24 146 24 157
30 146 30 157
36 146 36 157
54 146 54 157
68 146 68 157
76 146 76 157
79 146 79 157
92 146 92 157
95 146 95 157
133 146 133 157
166 146 166 157
168 146 168 157
170 146 170 157
195 146 195 157
198 146 198 157
2 147 2 158
33 147 33 158
39 147 39 158
52 147 52 158
55 147 55 158
64 147 64 158
87 147 87 158
88 147 88 158
90 147 90 158
99 147 99 158
128 147 128 158
129 147 129 158
149 147 149 158
151 147 151 158
154 147 154 158
155 147 155 158
157 147 157 158
167 147 167 158
193 147 193 158
9 148 9 159
14 148 14 159
26 148 26 159
27 148 27 159
28 148 28 159
40 148 40 159
56 148 56 159
58 148 58 159
94 148 94 159
115 148 115 159
123 148 123 159
159 148 159 159
164 148 164 159
189 148 189 159
196 148 196 159
19 149 19 160
20 149 20 160
38 149 38 160
49 149 49 160
66 149 66 160
93 149 93 160
98 149 98 160
110 149 110 160
112 149 112 160
122 149 122 160
132 149 132 160
156 149 156 160
163 149 163 160
169 149 169 160
175 149 175 160
177 149 177 160
190 149 190 160
194 149 194 160
12 150 12 161
69 150 69 161
77 150 77 161
80 150 80 161
81 150 81 161
97 150 97 161
117 150 117 161
120 150 120 161
121 150 121 161
126 150 126 161
127 150 127 161
138 150 138 161
150 150 150 161
153 150 153 161
161 150 161 161
17 151 17 162
34 151 34 162
72 151 72 162
75 151 75 162
78 151 78 162
131 151 131 162
179 151 179 162
199 151 199 162
29 152 29 163
42 152 42 163
48 152 48 163
130 152 130 163
152 152 152 163
158 152 158 163
182 152 182 163
186 152 186 163
6 153 6 164
37 153 37 164
65 153 65 164
96 153 96 164
102 153 102 164
103 153 103 164
104 153 104 164
144 153 144 164
147 153 147 164
191 153 191 164
197 153 197 164
43 154 43 165
60 154 60 165
113 154 113 165
118 154 118 165
134 154 134 165
142 154 142 165
184 154 184 165
57 155 57 166
62 155 62 166
84 155 84 166
86 155 86 166
124 155 124 166
136 155 136 166
143 155 143 166
146 155 146 166
173 155 173 166
0 156 0 167
1 156 1 167
3 156 3 167
5 156 5 167
7 156 7 167
8 156 8 167
15 156 15 167
16 156 16 167
21 156 21 167
22 156 22 167
23 156 23 167
25 156 25 167
35 156 35 167
41 156 41 167
44 156 44 167
61 156 61 167
63 156 63 167
67 156 67 167
71 156 71 167
74 156 74 167
82 156 82 167
100 156 100 167
101 156 101 167
114 156 114 167
135 156 135 167
139 156 139 167
140 156 140 167
141 156 141 167
160 156 160 167
171 156 171 167
176 156 176 167
181 156 181 167
187 156 187 167
192 156 192 167
11 157 11 168
31 157 31 168
32 157 32 168
45 157 45 168
47 157 47 168
50 157 50 168
51 157 51 168
53 157 53 168
85 157 85 168
89 157 89 168
105 157 105 168
107 157 107 168
108 157 108 168
109 157 109 168
116 157 116 168
125 157 125 168
137 157 137 168
148 157 148 168
162 157 162 168
165 157 165 168
174 157 174 168
178 157 178 168
180 157 180 168
183 157 183 168
185 157 185 168
188 157 188 168
4 158 4 169
10 158 10 169
13 158 13 169
24 158 24 169
30 158 30 169
36 158 36 169
54 158 54 169
59 158 59 169
68 158 68 169
76 158 76 169
79 158 79 169
91 158 91 169
92 158 92 169
95 158 95 169
133 158 133 169
166 158 166 169
168 158 168 169
172 158 172 169
195 158 195 169
198 158 198 169
2 159 2 170
18 159 18 170
33 159 33 170
39 159 39 170
52 159 52 170
55 159 55 170
64 159 64 170
70 159 70 170
87 159 87 170
88 159 88 170
90 159 90 170
99 159 99 170
119 159 119 170
128 159 128 170
129 159 129 170
149 159 149 170
151 159 151 170
154 159 154 170
155 159 155 170
157 159 157 170
167 159 167 170
170 159 170 170
193 159 193 170
9 160 9 171
26 160 26 171
27 160 27 171
28 160 28 171
40 160 40 171
56 160 56 171
58 160 58 171
94 160 94 171
123 160 123 171
159 160 159 171
164 160 164 171
189 160 189 171
19 161 19 172
20 161 20 172
49 161 49 172
66 161 66 172
93 161 93 172
98 161 98 172
110 161 110 172
112 161 112 172
122 161 122 172
145 161 145 172
156 161 156 172
163 161 163 172
169 161 169 172
175 161 175 172
177 161 177 172
190 161 190 172
194 161 194 172
12 162 12 173
14 162 14 173
46 162 46 173
69 162 69 173
73 162 73 173
77 162 77 173
80 162 80 173
81 162 81 173
97 162 97 173
111 162 111 173
117 162 117 173
126 162 126 173
127 162 127 173
138 162 138 173
153 162 153 173
161 162 161 173
196 162 196 173
17 163 17 174
72 163 72 174
75 163 75 174
78 163 78 174
120 163 120 174
131 163 131 174
179 163 179 174
199 163 199 174
29 164 29 175
34 164 34 175
42 164 42 175
48 164 48 175
121 164 121 175
130 164 130 175
152 164 152 175
158 164 158 175
182 164 182 175
186 164 186 175
6 165 6 176
37 165 37 176
65 165 65 176
83 165 83 176
96 165 96 176
102 165 102 176
103 165 103 176
104 165 104 176
144 165 144 176
147 165 147 176
191 165 191 176
197 165 197 176
43 166 43 177
60 166 60 177
113 166 113 177
118 166 118 177
142 166 142 177
184 166 184 177
57 167 57 178
84 167 84 178
115 167 115 178
124 167 124 178
136 167 136 178
143 167 143 178
146 167 146 178
173 167 173 178
0 168 0 179
1 168 1 179
5 168 5 179
7 168 7 179
8 168 8 179
15 168 15 179
16 168 16 179
21 168 21 179
22 168 22 179
23 168 23 179
25 168 25 179
35 168 35 179
41 168 41 179
44 168 44 179
61 168 61 179
63 168 63 179
67 168 67 179
71 168 71 179
74 168 74 179
82 168 82 179
100 168 100 179
101 168 101 179
114 168 114 179
135 168 135 179
139 168 139 179
140 168 140 179
141 168 141 179
160 168 160 179
171 168 171 179
176 168 176 179
181 168 181 179
187 168 187 179
192 168 192 179
3 169 3 180
11 169 11 180
31 169 31 180
32 169 32 180
38 169 38 180
45 169 45 180
47 169 47 180
50 169 50 180
51 169 51 180
53 169 53 180
85 169 85 180
86 169 86 180
89 169 89 180
105 169 105 180
107 169 107 180
108 169 108 180
109 169 109 180
132 169 132 180
137 169 137 180
148 169 148 180
150 169 150 180
162 169 162 180
165 169 165 180
174 169 174 180
178 169 178 180
180 169 180 180
183 169 183 180
185 169 185 180
188 169 188 180
4 170 4 181
10 170 10 181
13 170 13 181
24 170 24 181
30 170 30 181
36 170 36 181
54 170 54 181
59 170 59 181
91 170 91 181
92 170 92 181
95 170 95 181
133 170 133 181
166 170 166 181
168 170 168 181
195 170 195 181
198 170 198 181
2 171 2 182
18 171 18 182
33 171 33 182
39 171 39 182
55 171 55 182
62 171 62 182
64 171 64 182
70 171 70 182
76 171 76 182
87 171 87 182
88 171 88 182
90 171 90 182
99 171 99 182
128 171 128 182
129 171 129 182
134 171 134 182
154 171 154 182
155 171 155 182
157 171 157 182
167 171 167 182
170 171 170 182
193 171 193 182
9 172 9 183
26 172 26 183
28 172 28 183
40 172 40 183
58 172 58 183
94 172 94 183
106 172 106 183
119 172 119 183
123 172 123 183
159 172 159 183
164 172 164 183
172 172 172 183
189 172 189 183
19 173 19 184
20 173 20 184
49 173 49 184
56 173 56 184
66 173 66 184
79 173 79 184
93 173 93 184
98 173 98 184
110 173 110 184
112 173 112 184
122 173 122 184
145 173 145 184
156 173 156 184
163 173 163 184
169 173 169 184
177 173 177 184
190 173 190 184
194 173 194 184
12 174 12 185
14 174 14 185
27 174 27 185
46 174 46 185
69 174 69 185
73 174 73 185
77 174 77 185
80 174 80 185
81 174 81 185
97 174 97 185
111 174 111 185
116 174 116 185
117 174 117 185
127 174 127 185
138 174 138 185
161 174 161 185
196 174 196 185
17 175 17 186
72 175 72 186
75 175 75 186
78 175 78 186
120 175 120 186
125 175 125 186
149 175 149 186
153 175 153 186
179 175 179 186
199 175 199 186
29 176 29 187
34 176 34 187
42 176 42 187
48 176 48 187
121 176 121 187
126 176 126 187
130 176 130 187
152 176 152 187
158 176 158 187
182 176 182 187
186 176 186 187
6 177 6 188
65 177 65 188
68 177 68 188
83 177 83 188
96 177 96 188
102 177 102 188
104 177 104 188
147 177 147 188
151 177 151 188
197 177 197 188
43 178 43 189
113 178 113 189
118 178 118 189
144 178 144 189
57 179 57 190
84 179 84 190
115 179 115 190
124 179 124 190
136 179 136 190
143 179 143 190
146 179 146 190
175 179 175 190
0 180 0 191
1 180 1 191
5 180 5 191
7 180 7 191
8 180 8 191
15 180 15 191
16 180 16 191
21 180 21 191
22 180 22 191
23 180 23 191
25 180 25 191
41 180 41 191
44 180 44 191
61 180 61 191
71 180 71 191
74 180 74 191
82 180 82 191
100 180 100 191
114 180 114 191
131 180 131 191
135 180 135 191
139 180 139 191
140 180 140 191
141 180 141 191
171 180 171 191
176 180 176 191
181 180 181 191
184 180 184 191
192 180 192 191
3 181 3 192
11 181 11 192
32 181 32 192
37 181 37 192
38 181 38 192
45 181 45 192
47 181 47 192
50 181 50 192
51 181 51 192
63 181 63 192
67 181 67 192
85 181 85 192
86 181 86 192
89 181 89 192
101 181 101 192
105 181 105 192
107 181 107 192
108 181 108 192
109 181 109 192
132 181 132 192
137 181 137 192
142 181 142 192
150 181 150 192
160 181 160 192
162 181 162 192
165 181 165 192
174 181 174 192
178 181 178 192
183 181 183 192
185 181 185 192
188 181 188 192
4 182 4 193
10 182 10 193
13 182 13 193
24 182 24 193
30 182 30 193
36 182 36 193
54 182 54 193
59 182 59 193
92 182 92 193
133 182 133 193
166 182 166 193
168 182 168 193
195 182 195 193
198 182 198 193
2 183 2 194
18 183 18 194
33 183 33 194
39 183 39 194
60 183 60 194
62 183 62 194
70 183 70 194
76 183 76 194
88 183 88 194
90 183 90 194
128 183 128 194
129 183 129 194
134 183 134 194
155 183 155 194
157 183 157 194
167 183 167 194
170 183 170 194
180 183 180 194
193 183 193 194
9 184 9 195
26 184 26 195
28 184 28 195
31 184 31 195
35 184 35 195
40 184 40 195
55 184 55 195
58 184 58 195
64 184 64 195
87 184 87 195
94 184 94 195
106 184 106 195
119 184 119 195
123 184 123 195
148 184 148 195
164 184 164 195
172 184 172 195
189 184 189 195
19 185 19 196
20 185 20 196
53 185 53 196
56 185 56 196
66 185 66 196
79 185 79 196
93 185 93 196
98 185 98 196
110 185 110 196
112 185 112 196
122 185 122 196
145 185 145 196
156 185 156 196
163 185 163 196
169 185 169 196
177 185 177 196
190 185 190 196
12 186 12 197
14 186 14 197
27 186 27 197
46 186 46 197
69 186 69 197
73 186 73 197
80 186 80 197
81 186 81 197
91 186 91 197
95 186 95 197
97 186 97 197
111 186 111 197
116 186 116 197
117 186 117 197
127 186 127 197
161 186 161 197
173 186 173 197
194 186 194 197
196 186 196 197
17 187 17 198
49 187 49 198
72 187 72 198
75 187 75 198
78 187 78 198
120 187 120 198
125 187 125 198
149 187 149 198
153 187 153 198
179 187 179 198
199 187 199 198
29 188 29 199
34 188 34 199
42 188 42 199
48 188 48 199
99 188 99 199
121 188 121 199
126 188 126 199
130 188 130 199
152 188 152 199
158 188 158 199
182 188 182 199
186 188 186 199
6 189 6 200
52 189 52 200
65 189 65 200
68 189 68 200
77 189 77 200
83 189 83 200
104 189 104 200
147 189 147 200
151 189 151 200
159 189 159 200
197 189 197 200
43 190 43 201
96 190 96 201
118 190 118 201
144 190 144 201
191 190 191 201
57 191 57 202
124 191 124 202
136 191 136 202
143 191 143 202
146 191 146 202
175 191 175 202
187 191 187 202
0 192 0 203
5 192 5 203
8 192 8 203
15 192 15 203
16 192 16 203
23 192 23 203
41 192 41 203
44 192 44 203
61 192 61 203
71 192 71 203
74 192 74 203
82 192 82 203
100 192 100 203
114 192 114 203
131 192 131 203
135 192 135 203
139 192 139 203
140 192 140 203
141 192 141 203
154 192 154 203
171 192 171 203
176 192 176 203
184 192 184 203
192 192 192 203
3 193 3 204
11 193 11 204
21 193 21 204
25 193 25 204
32 193 32 204
37 193 37 204
38 193 38 204
45 193 45 204
47 193 47 204
50 193 50 204
51 193 51 204
67 193 67 204
85 193 85 204
86 193 86 204
89 193 89 204
101 193 101 204
102 193 102 204
105 193 105 204
108 193 108 204
132 193 132 204
137 193 137 204
142 193 142 204
150 193 150 204
160 193 160 204
162 193 162 204
165 193 165 204
174 193 174 204
178 193 178 204
183 193 183 204
185 193 185 204
188 193 188 204
4 194 4 205
7 194 7 205
10 194 10 205
13 194 13 205
22 194 22 205
24 194 24 205
30 194 30 205
36 194 36 205
54 194 54 205
92 194 92 205
107 194 107 205
133 194 133 205
166 194 166 205
168 194 168 205
181 194 181 205
195 194 195 205
198 194 198 205
2 195 2 206
18 195 18 206
39 195 39 206
60 195 60 206
62 195 62 206
70 195 70 206
76 195 76 206
88 195 88 206
90 195 90 206
113 195 113 206
128 195 128 206
129 195 129 206
134 195 134 206
155 195 155 206
157 195 157 206
167 195 167 206
193 195 193 206
9 196 9 207
26 196 26 207
28 196 28 207
35 196 35 207
40 196 40 207
55 196 55 207
58 196 58 207
63 196 63 207
64 196 64 207
87 196 87 207
94 196 94 207
106 196 106 207
119 196 119 207
123 196 123 207
164 196 164 207
170 196 170 207
172 196 172 207
189 196 189 207
19 197 19 208
20 197 20 208
53 197 53 208
79 197 79 208
93 197 93 208
103 197 103 208
110 197 110 208
122 197 122 208
145 197 145 208
156 197 156 208
163 197 163 208
169 197 169 208
177 197 177 208
190 197 190 208
1 198 1 209
12 198 12 209
14 198 14 209
27 198 27 209
46 198 46 209
69 198 69 209
73 198 73 209
80 198 80 209
81 198 81 209
91 198 91 209
95 198 95 209
97 198 97 209
111 198 111 209
112 198 112 209
116 198 116 209
117 198 117 209
127 198 127 209
138 198 138 209
161 198 161 209
196 198 196 209
17 199 17 210
31 199 31 210
49 199 49 210
72 199 72 210
75 199 75 210
78 199 78 210
120 199 120 210
125 199 125 210
149 199 149 210
153 199 153 210
179 199 179 210
199 199 199 210
29 200 29 211
34 200 34 211
42 200 42 211
48 200 48 211
66 200 66 211
98 200 98 211
99 200 99 211
126 200 126 211
130 200 130 211
152 200 152 211
158 200 158 211
182 200 182 211
186 200 186 211
6 201 6 212
52 201 52 212
65 201 65 212
77 201 77 212
84 201 84 212
104 201 104 212
121 201 121 212
147 201 147 212
151 201 151 212
159 201 159 212
180 201 180 212
43 202 43 213
96 202 96 213
118 202 118 213
144 202 144 213
148 202 148 213
191 202 191 213
57 203 57 214
115 203 115 214
136 203 136 214
143 203 143 214
146 203 146 214
173 203 173 214
175 203 175 214
187 203 187 214
0 204 0 215
5 204 5 215
8 204 8 215
15 204 15 215
16 204 16 215
23 204 23 215
41 204 41 215
44 204 44 215
56 204 56 215
61 204 61 215
68 204 68 215
74 204 74 215
82 204 82 215
83 204 83 215
114 204 114 215
131 204 131 215
135 204 135 215
139 204 139 215
140 204 140 215
141 204 141 215
154 204 154 215
176 204 176 215
184 204 184 215
192 204 192 215
194 204 194 215
197 204 197 215
3 205 3 216
11 205 11 216
21 205 21 216
25 205 25 216
32 205 32 216
37 205 37 216
38 205 38 216
45 205 45 216
50 205 50 216
51 205 51 216
67 205 67 216
71 205 71 216
85 205 85 216
86 205 86 216
101 205 101 216
102 205 102 216
105 205 105 216
108 205 108 216
109 205 109 216
124 205 124 216
132 205 132 216
137 205 137 216
142 205 142 216
150 205 150 216
160 205 160 216
162 205 162 216
165 205 165 216
171 205 171 216
174 205 174 216
178 205 178 216
183 205 183 216
185 205 185 216
188 205 188 216
4 206 4 217
7 206 7 217
10 206 10 217
13 206 13 217
22 206 22 217
24 206 24 217
30 206 30 217
36 206 36 217
54 206 54 217
92 206 92 217
107 206 107 217
133 206 133 217
166 206 166 217
168 206 168 217
181 206 181 217
195 206 195 217
198 206 198 217
2 207 2 218
18 207 18 218
60 207 60 218
62 207 62 218
70 207 70 218
76 207 76 218
113 207 113 218
128 207 128 218
129 207 129 218
134 207 134 218
155 207 155 218
157 207 157 218
167 207 167 218
193 207 193 218
9 208 9 219
26 208 26 219
28 208 28 219
33 208 33 219
35 208 35 219
39 208 39 219
40 208 40 219
47 208 47 219
55 208 55 219
58 208 58 219
63 208 63 219
87 208 87 219
88 208 88 219
89 208 89 219
90 208 90 219
94 208 94 219
100 208 100 219
119 208 119 219
123 208 123 219
164 208 164 219
170 208 170 219
172 208 172 219
189 208 189 219
19 209 19 220
20 209 20 220
53 209 53 220
79 209 79 220
93 209 93 220
103 209 103 220
110 209 110 220
122 209 122 220
145 209 145 220
163 209 163 220
169 209 169 220
177 209 177 220
190 209 190 220
1 210 1 221
12 210 12 221
27 210 27 221
46 210 46 221
59 210 59 221
64 210 64 221
69 210 69 221
73 210 73 221
80 210 80 221
91 210 91 221
95 210 95 221
97 210 97 221
112 210 112 221
116 210 116 221
117 210 117 221
127 210 127 221
138 210 138 221
161 210 161 221
196 210 196 221
31 211 31 222
49 211 49 222
72 211 72 222
75 211 75 222
120 211 120 222
149 211 149 222
153 211 153 222
179 211 179 222
199 211 199 222
14 212 14 223
29 212 29 223
34 212 34 223
42 212 42 223
48 212 48 223
66 212 66 223
98 212 98 223
99 212 99 223
106 212 106 223
126 212 126 223
130 212 130 223
158 212 158 223
186 212 186 223
17 213 17 224
52 213 52 224
84 213 84 224
104 213 104 224
111 213 111 224
121 213 121 224
151 213 151 224
152 213 152 224
159 213 159 224
180 213 180 224
182 213 182 224
65 214 65 225
78 214 78 225
96 214 96 225
118 214 118 225
125 214 125 225
148 214 148 225
191 214 191 225
57 215 57 226
115 215 115 226
136 215 136 226
143 215 143 226
144 215 144 226
146 215 146 226
175 215 175 226
187 215 187 226
5 216 5 227
15 216 15 227
16 216 16 227
23 216 23 227
41 216 41 227
44 216 44 227
56 216 56 227
61 216 61 227
68 216 68 227
77 216 77 227
81 216 81 227
82 216 82 227
83 216 83 227
114 216 114 227
131 216 131 227
135 216 135 227
140 216 140 227
141 216 141 227
154 216 154 227
156 216 156 227
176 216 176 227
184 216 184 227
192 216 192 227
197 216 197 227
0 217 0 228
3 217 3 228
11 217 11 228
21 217 21 228
25 217 25 228
38 217 38 228
43 217 43 228
45 217 45 228
50 217 50 228
51 217 51 228
67 217 67 228
85 217 85 228
102 217 102 228
105 217 105 228
108 217 108 228
132 217 132 228
137 217 137 228
142 217 142 228
150 217 150 228
160 217 160 228
162 217 162 228
171 217 171 228
174 217 174 228
178 217 178 228
183 217 183 228
185 217 185 228
188 217 188 228
4 218 4 229
7 218 7 229
10 218 10 229
13 218 13 229
22 218 22 229
24 218 24 229
30 218 30 229
32 218 32 229
54 218 54 229
71 218 71 229
107 218 107 229
166 218 166 229
168 218 168 229
181 218 181 229
194 218 194 229
195 218 195 229
198 218 198 229
2 219 2 230
18 219 18 230
60 219 60 230
62 219 62 230
70 219 70 230
76 219 76 230
109 219 109 230
113 219 113 230
128 219 128 230
129 219 129 230
133 219 133 230
134 219 134 230
155 219 155 230
157 219 157 230
167 219 167 230
193 219 193 230
9 220 9 231
26 220 26 231
33 220 33 231
35 220 35 231
39 220 39 231
40 220 40 231
47 220 47 231
55 220 55 231
58 220 58 231
63 220 63 231
86 220 86 231
87 220 87 231
88 220 88 231
89 220 89 231
94 220 94 231
100 220 100 231
119 220 119 231
123 220 123 231
164 220 164 231
172 220 172 231
189 220 189 231
20 221 20 232
53 221 53 232
79 221 79 232
93 221 93 232
103 221 103 232
110 221 110 232
122 221 122 232
145 221 145 232
147 221 147 232
163 221 163 232
165 221 165 232
169 221 169 232
177 221 177 232
190 221 190 232
1 222 1 233
12 222 12 233
19 222 19 233
27 222 27 233
37 222 37 233
46 222 46 233
64 222 64 233
69 222 69 233
73 222 73 233
80 222 80 233
91 222 91 233
95 222 95 233
97 222 97 233
112 222 112 233
117 222 117 233
124 222 124 233
127 222 127 233
138 222 138 233
161 222 161 233
170 222 170 233
196 222 196 233
28 223 28 234
31 223 31 234
49 223 49 234
72 223 72 234
75 223 75 234
101 223 101 234
120 223 120 234
149 223 149 234
153 223 153 234
179 223 179 234
199 223 199 234
14 224 14 235
29 224 29 235
34 224 34 235
36 224 36 235
42 224 42 235
48 224 48 235
66 224 66 235
74 224 74 235
98 224 98 235
99 224 99 235
106 224 106 235
158 224 158 235
186 224 186 235
90 225 90 236
104 225 104 236
111 225 111 236
121 225 121 236
139 225 139 236
151 225 151 236
159 225 159 236
180 225 180 236
6 226 6 237
17 226 17 237
65 226 65 237
78 226 78 237
96 226 96 237
116 226 116 237
125 226 125 237
130 226 130 237
148 226 148 237
173 226 173 237
191 226 191 237
57 227 57 238
59 227 59 238
115 227 115 238
136 227 136 238
146 227 146 238
175 227 175 238
187 227 187 238
5 228 5 239
15 228 15 239
23 228 23 239
41 228 41 239
44 228 44 239
77 228 77 239
82 228 82 239
83 228 83 239
135 228 135 239
140 228 140 239
141 228 141 239
154 228 154 239
156 228 156 239
176 228 176 239
184 228 184 239
192 228 192 239
197 228 197 239
0 229 0 240
3 229 3 240
11 229 11 240
21 229 21 240
38 229 38 240
45 229 45 240
50 229 50 240
51 229 51 240
67 229 67 240
84 229 84 240
85 229 85 240
102 229 102 240
105 229 105 240
114 229 114 240
131 229 131 240
137 229 137 240
142 229 142 240
143 229 143 240
171 229 171 240
178 229 178 240
183 229 183 240
185 229 185 240
188 229 188 240
4 230 4 241
7 230 7 241
8 230 8 241
10 230 10 241
13 230 13 241
16 230 16 241
22 230 22 241
30 230 30 241
32 230 32 241
61 230 61 241
71 230 71 241
92 230 92 241
107 230 107 241
108 230 108 241
118 230 118 241
162 230 162 241
168 230 168 241
181 230 181 241
194 230 194 241
195 230 195 241
198 230 198 241
2 231 2 242
18 231 18 242
24 231 24 242
43 231 43 242
60 231 60 242
62 231 62 242
76 231 76 242
109 231 109 242
113 231 113 242
126 231 126 242
128 231 128 242
129 231 129 242
133 231 133 242
134 231 134 242
155 231 155 242
160 231 160 242
167 231 167 242
193 231 193 242
9 232 9 243
26 232 26 243
33 232 33 243
35 232 35 243
39 232 39 243
40 232 40 243
58 232 58 243
63 232 63 243
68 232 68 243
81 232 81 243
86 232 86 243
87 232 87 243
88 232 88 243
89 232 89 243
94 232 94 243
100 232 100 243
152 232 152 243
164 232 164 243
182 232 182 243
189 232 189 243
20 233 20 244
25 233 25 244
53 233 53 244
55 233 55 244
56 233 56 244
79 233 79 244
93 233 93 244
103 233 103 244
122 233 122 244
145 233 145 244
147 233 147 244
163 233 163 244
165 233 165 244
172 233 172 244
177 233 177 244
190 233 190 244
1 234 1 245
12 234 12 245
37 234 37 245
46 234 46 245
52 234 52 245
54 234 54 245
69 234 69 245
73 234 73 245
95 234 95 245
97 234 97 245
110 234 110 245
112 234 112 245
117 234 117 245
123 234 123 245
124 234 124 245
127 234 127 245
138 234 138 245
144 234 144 245
157 234 157 245
161 234 161 245
170 234 170 245
196 234 196 245
19 235 19 246
28 235 28 246
31 235 31 246
49 235 49 246
72 235 72 246
75 235 75 246
91 235 91 246
101 235 101 246
120 235 120 246
149 235 149 246
153 235 153 246
169 235 169 246
179 235 179 246
14 236 14 247
29 236 29 247
34 236 34 247
36 236 36 247
48 236 48 247
74 236 74 247
80 236 80 247
98 236 98 247
106 236 106 247
150 236 150 247
158 236 158 247
186 236 186 247
47 237 47 248
64 237 64 248
66 237 66 248
90 237 90 248
104 237 104 248
111 237 111 248
119 237 119 248
121 237 121 248
139 237 139 248
159 237 159 248
166 237 166 248
174 237 174 248
180 237 180 248
6 238 6 249
17 238 17 249
65 238 65 249
70 238 70 249
78 238 78 249
96 238 96 249
99 238 99 249
130 238 130 249
148 238 148 249
173 238 173 249
199 238 199 249
